"BZ3 Nonlinear Vehicle Dynamics Simulation SR= 5.00 WB=1745 mm  WF=80   WR=120  "
"TIME, sec";"LATACC, g";"SIDSLP, deg";"SPEED, kph";"STEER, deg";                                                                                                                                                                                                                                                                                                                                                                    ;
0.000    ;0.000    ;0.000    ;80.000   ;0.000     
0.010    ;0.001    ;0.000    ;80.000   ;0.021     
0.020    ;0.002    ;0.000    ;80.000   ;0.042     
0.030    ;0.003    ;0.001    ;80.000   ;0.062     
0.040    ;0.004    ;0.001    ;80.000   ;0.083     
0.050    ;0.005    ;0.002    ;80.000   ;0.104     
0.060    ;0.006    ;0.002    ;80.000   ;0.125     
0.070    ;0.007    ;0.002    ;80.000   ;0.146     
0.080    ;0.008    ;0.002    ;80.000   ;0.167     
0.090    ;0.009    ;0.002    ;80.000   ;0.187     
0.100    ;0.010    ;0.002    ;80.000   ;0.208     
0.110    ;0.011    ;0.002    ;80.000   ;0.229     
0.120    ;0.012    ;0.002    ;80.000   ;0.250     
0.130    ;0.014    ;0.002    ;80.000   ;0.271     
0.140    ;0.015    ;0.001    ;80.000   ;0.292     
0.150    ;0.016    ;0.001    ;80.000   ;0.312     
0.160    ;0.018    ;0.000    ;80.000   ;0.333     
0.170    ;0.019    ;-0.001   ;80.000   ;0.354     
0.180    ;0.021    ;-0.001   ;80.000   ;0.375     
0.190    ;0.023    ;-0.002   ;80.000   ;0.396     
0.200    ;0.024    ;-0.003   ;80.000   ;0.417     
0.210    ;0.026    ;-0.004   ;80.000   ;0.437     
0.220    ;0.028    ;-0.005   ;80.000   ;0.458     
0.230    ;0.029    ;-0.005   ;80.000   ;0.479     
0.240    ;0.031    ;-0.006   ;80.000   ;0.500     
0.250    ;0.033    ;-0.007   ;80.000   ;0.521     
0.260    ;0.034    ;-0.008   ;80.000   ;0.542     
0.270    ;0.036    ;-0.009   ;80.000   ;0.562     
0.280    ;0.038    ;-0.010   ;80.000   ;0.583     
0.290    ;0.040    ;-0.011   ;80.000   ;0.604     
0.300    ;0.041    ;-0.012   ;80.000   ;0.625     
0.310    ;0.043    ;-0.013   ;80.000   ;0.646     
0.320    ;0.045    ;-0.014   ;80.000   ;0.667     
0.330    ;0.047    ;-0.015   ;80.000   ;0.687     
0.340    ;0.048    ;-0.016   ;80.000   ;0.708     
0.350    ;0.050    ;-0.017   ;80.000   ;0.729     
0.360    ;0.052    ;-0.018   ;80.000   ;0.750     
0.370    ;0.054    ;-0.020   ;80.000   ;0.771     
0.380    ;0.055    ;-0.021   ;80.000   ;0.792     
0.390    ;0.057    ;-0.022   ;80.000   ;0.812     
0.400    ;0.059    ;-0.023   ;80.000   ;0.833     
0.410    ;0.061    ;-0.024   ;80.000   ;0.854     
0.420    ;0.062    ;-0.025   ;80.000   ;0.875     
0.430    ;0.064    ;-0.026   ;80.000   ;0.896     
0.440    ;0.066    ;-0.027   ;80.000   ;0.917     
0.450    ;0.068    ;-0.028   ;80.000   ;0.937     
0.460    ;0.069    ;-0.029   ;80.000   ;0.958     
0.470    ;0.071    ;-0.030   ;80.000   ;0.979     
0.480    ;0.073    ;-0.031   ;80.000   ;1.000     
0.490    ;0.075    ;-0.032   ;80.000   ;1.021     
0.500    ;0.076    ;-0.033   ;80.000   ;1.042     
0.510    ;0.078    ;-0.034   ;80.000   ;1.062     
0.520    ;0.080    ;-0.035   ;80.000   ;1.083     
0.530    ;0.081    ;-0.036   ;80.000   ;1.104     
0.540    ;0.083    ;-0.037   ;80.000   ;1.125     
0.550    ;0.085    ;-0.038   ;80.000   ;1.146     
0.560    ;0.087    ;-0.039   ;80.000   ;1.167     
0.570    ;0.088    ;-0.040   ;80.000   ;1.187     
0.580    ;0.090    ;-0.041   ;80.000   ;1.208     
0.590    ;0.092    ;-0.042   ;80.000   ;1.229     
0.600    ;0.094    ;-0.043   ;80.000   ;1.250     
0.610    ;0.096    ;-0.044   ;80.000   ;1.271     
0.620    ;0.097    ;-0.045   ;80.000   ;1.292     
0.630    ;0.099    ;-0.046   ;80.000   ;1.312     
0.640    ;0.101    ;-0.047   ;80.000   ;1.333     
0.650    ;0.103    ;-0.048   ;80.000   ;1.354     
0.660    ;0.104    ;-0.049   ;80.000   ;1.375     
0.670    ;0.106    ;-0.050   ;80.000   ;1.396     
0.680    ;0.108    ;-0.051   ;80.000   ;1.417     
0.690    ;0.110    ;-0.052   ;80.000   ;1.437     
0.700    ;0.111    ;-0.053   ;80.000   ;1.458     
0.710    ;0.113    ;-0.054   ;80.000   ;1.479     
0.720    ;0.115    ;-0.055   ;80.000   ;1.500     
0.730    ;0.117    ;-0.056   ;80.000   ;1.521     
0.740    ;0.119    ;-0.057   ;80.000   ;1.542     
0.750    ;0.120    ;-0.058   ;80.000   ;1.563     
0.760    ;0.122    ;-0.059   ;80.000   ;1.583     
0.770    ;0.124    ;-0.060   ;80.000   ;1.604     
0.780    ;0.126    ;-0.061   ;80.000   ;1.625     
0.790    ;0.128    ;-0.063   ;80.000   ;1.646     
0.800    ;0.129    ;-0.064   ;80.000   ;1.667     
0.810    ;0.131    ;-0.065   ;80.000   ;1.688     
0.820    ;0.133    ;-0.066   ;80.000   ;1.708     
0.830    ;0.135    ;-0.067   ;80.000   ;1.729     
0.840    ;0.137    ;-0.068   ;80.000   ;1.750     
0.850    ;0.139    ;-0.069   ;80.000   ;1.771     
0.860    ;0.140    ;-0.070   ;80.000   ;1.792     
0.870    ;0.142    ;-0.071   ;80.000   ;1.813     
0.880    ;0.144    ;-0.072   ;80.000   ;1.833     
0.890    ;0.146    ;-0.073   ;80.000   ;1.854     
0.900    ;0.148    ;-0.074   ;80.000   ;1.875     
0.910    ;0.150    ;-0.075   ;80.000   ;1.896     
0.920    ;0.151    ;-0.076   ;80.000   ;1.917     
0.930    ;0.153    ;-0.077   ;80.000   ;1.938     
0.940    ;0.155    ;-0.078   ;80.000   ;1.958     
0.950    ;0.157    ;-0.079   ;80.000   ;1.979     
0.960    ;0.159    ;-0.081   ;80.000   ;2.000     
0.970    ;0.161    ;-0.082   ;80.000   ;2.021     
0.980    ;0.162    ;-0.083   ;80.000   ;2.042     
0.990    ;0.164    ;-0.084   ;80.000   ;2.062     
1.000    ;0.166    ;-0.085   ;80.000   ;2.083     
1.010    ;0.168    ;-0.086   ;80.000   ;2.104     
1.020    ;0.170    ;-0.087   ;80.000   ;2.125     
1.030    ;0.172    ;-0.088   ;80.000   ;2.146     
1.040    ;0.174    ;-0.089   ;80.000   ;2.167     
1.050    ;0.175    ;-0.090   ;80.000   ;2.187     
1.060    ;0.177    ;-0.091   ;80.000   ;2.208     
1.070    ;0.179    ;-0.092   ;80.000   ;2.229     
1.080    ;0.181    ;-0.093   ;80.000   ;2.250     
1.090    ;0.183    ;-0.095   ;80.000   ;2.271     
1.100    ;0.185    ;-0.096   ;80.000   ;2.292     
1.110    ;0.187    ;-0.097   ;80.000   ;2.313     
1.120    ;0.188    ;-0.098   ;80.000   ;2.333     
1.130    ;0.190    ;-0.099   ;80.000   ;2.354     
1.140    ;0.192    ;-0.100   ;80.000   ;2.375     
1.150    ;0.194    ;-0.101   ;80.000   ;2.396     
1.160    ;0.196    ;-0.102   ;80.000   ;2.417     
1.170    ;0.198    ;-0.103   ;80.000   ;2.437     
1.180    ;0.200    ;-0.104   ;80.000   ;2.458     
1.190    ;0.202    ;-0.105   ;80.000   ;2.479     
1.200    ;0.203    ;-0.107   ;80.000   ;2.500     
1.210    ;0.205    ;-0.108   ;80.000   ;2.521     
1.220    ;0.207    ;-0.109   ;80.000   ;2.542     
1.230    ;0.209    ;-0.110   ;80.000   ;2.563     
1.240    ;0.211    ;-0.111   ;80.000   ;2.583     
1.250    ;0.213    ;-0.112   ;80.000   ;2.604     
1.260    ;0.215    ;-0.113   ;80.000   ;2.625     
1.270    ;0.217    ;-0.114   ;80.000   ;2.646     
1.280    ;0.218    ;-0.115   ;80.000   ;2.667     
1.290    ;0.220    ;-0.116   ;80.000   ;2.687     
1.300    ;0.222    ;-0.118   ;80.000   ;2.708     
1.310    ;0.224    ;-0.119   ;80.000   ;2.729     
1.320    ;0.226    ;-0.120   ;80.000   ;2.750     
1.330    ;0.228    ;-0.121   ;80.000   ;2.771     
1.340    ;0.230    ;-0.122   ;80.000   ;2.792     
1.350    ;0.232    ;-0.123   ;80.000   ;2.813     
1.360    ;0.234    ;-0.124   ;80.000   ;2.833     
1.370    ;0.236    ;-0.125   ;80.000   ;2.854     
1.380    ;0.237    ;-0.126   ;80.000   ;2.875     
1.390    ;0.239    ;-0.128   ;80.000   ;2.896     
1.400    ;0.241    ;-0.129   ;80.000   ;2.917     
1.410    ;0.243    ;-0.130   ;80.000   ;2.937     
1.420    ;0.245    ;-0.131   ;80.000   ;2.958     
1.430    ;0.247    ;-0.132   ;80.000   ;2.979     
1.440    ;0.249    ;-0.133   ;80.000   ;3.000     
1.450    ;0.251    ;-0.134   ;80.000   ;3.021     
1.460    ;0.253    ;-0.135   ;80.000   ;3.042     
1.470    ;0.255    ;-0.137   ;80.000   ;3.062     
1.480    ;0.257    ;-0.138   ;80.000   ;3.083     
1.490    ;0.259    ;-0.139   ;80.000   ;3.104     
1.500    ;0.261    ;-0.140   ;80.000   ;3.125     
1.510    ;0.262    ;-0.141   ;80.000   ;3.146     
1.520    ;0.264    ;-0.142   ;80.000   ;3.167     
1.530    ;0.266    ;-0.143   ;80.000   ;3.187     
1.540    ;0.268    ;-0.145   ;80.000   ;3.208     
1.550    ;0.270    ;-0.146   ;80.000   ;3.229     
1.560    ;0.272    ;-0.147   ;80.000   ;3.250     
1.570    ;0.274    ;-0.148   ;80.000   ;3.271     
1.580    ;0.276    ;-0.149   ;80.000   ;3.292     
1.590    ;0.278    ;-0.150   ;80.000   ;3.312     
1.600    ;0.280    ;-0.151   ;80.000   ;3.333     
1.610    ;0.282    ;-0.153   ;80.000   ;3.354     
1.620    ;0.284    ;-0.154   ;80.000   ;3.375     
1.630    ;0.286    ;-0.155   ;80.000   ;3.396     
1.640    ;0.288    ;-0.156   ;80.000   ;3.417     
1.650    ;0.290    ;-0.157   ;80.000   ;3.437     
1.660    ;0.292    ;-0.158   ;80.000   ;3.458     
1.670    ;0.294    ;-0.159   ;80.000   ;3.479     
1.680    ;0.296    ;-0.161   ;80.000   ;3.500     
1.690    ;0.298    ;-0.162   ;80.000   ;3.521     
1.700    ;0.300    ;-0.163   ;80.000   ;3.542     
1.710    ;0.301    ;-0.164   ;80.000   ;3.562     
1.720    ;0.303    ;-0.165   ;80.000   ;3.583     
1.730    ;0.305    ;-0.166   ;80.000   ;3.604     
1.740    ;0.307    ;-0.168   ;80.000   ;3.625     
1.750    ;0.309    ;-0.169   ;80.000   ;3.646     
1.760    ;0.311    ;-0.170   ;80.000   ;3.667     
1.770    ;0.313    ;-0.171   ;80.000   ;3.687     
1.780    ;0.315    ;-0.172   ;80.000   ;3.708     
1.790    ;0.317    ;-0.173   ;80.000   ;3.729     
1.800    ;0.319    ;-0.175   ;80.000   ;3.750     
1.810    ;0.321    ;-0.176   ;80.000   ;3.771     
1.820    ;0.323    ;-0.177   ;80.000   ;3.792     
1.830    ;0.325    ;-0.178   ;80.000   ;3.812     
1.840    ;0.327    ;-0.179   ;80.000   ;3.833     
1.850    ;0.329    ;-0.180   ;80.000   ;3.854     
1.860    ;0.331    ;-0.182   ;80.000   ;3.875     
1.870    ;0.333    ;-0.183   ;80.000   ;3.896     
1.880    ;0.335    ;-0.184   ;80.000   ;3.917     
1.890    ;0.337    ;-0.185   ;80.000   ;3.937     
1.900    ;0.339    ;-0.186   ;80.000   ;3.958     
1.910    ;0.341    ;-0.188   ;80.000   ;3.979     
1.920    ;0.343    ;-0.189   ;80.000   ;4.000     
1.930    ;0.345    ;-0.190   ;80.000   ;4.021     
1.940    ;0.347    ;-0.191   ;80.000   ;4.042     
1.950    ;0.349    ;-0.192   ;80.000   ;4.062     
1.960    ;0.351    ;-0.194   ;80.000   ;4.083     
1.970    ;0.353    ;-0.195   ;80.000   ;4.104     
1.980    ;0.355    ;-0.196   ;80.000   ;4.125     
1.990    ;0.357    ;-0.197   ;80.000   ;4.146     
2.000    ;0.359    ;-0.198   ;80.000   ;4.167     
2.010    ;0.361    ;-0.200   ;80.000   ;4.188     
2.020    ;0.363    ;-0.201   ;80.000   ;4.208     
2.030    ;0.365    ;-0.202   ;80.000   ;4.229     
2.040    ;0.367    ;-0.203   ;80.000   ;4.250     
2.050    ;0.369    ;-0.204   ;80.000   ;4.271     
2.060    ;0.371    ;-0.206   ;80.000   ;4.292     
2.070    ;0.373    ;-0.207   ;80.000   ;4.312     
2.080    ;0.375    ;-0.208   ;80.000   ;4.333     
2.090    ;0.378    ;-0.209   ;80.000   ;4.354     
2.100    ;0.380    ;-0.210   ;80.000   ;4.375     
2.110    ;0.382    ;-0.212   ;80.000   ;4.396     
2.120    ;0.384    ;-0.213   ;80.000   ;4.417     
2.130    ;0.386    ;-0.214   ;80.000   ;4.437     
2.140    ;0.388    ;-0.215   ;80.000   ;4.458     
2.150    ;0.390    ;-0.217   ;80.000   ;4.479     
2.160    ;0.392    ;-0.218   ;80.000   ;4.500     
2.170    ;0.394    ;-0.219   ;80.000   ;4.521     
2.180    ;0.396    ;-0.220   ;80.000   ;4.542     
2.190    ;0.398    ;-0.221   ;80.000   ;4.563     
2.200    ;0.400    ;-0.223   ;80.000   ;4.583     
2.210    ;0.402    ;-0.224   ;80.000   ;4.604     
2.220    ;0.404    ;-0.225   ;80.000   ;4.625     
2.230    ;0.406    ;-0.226   ;80.000   ;4.646     
2.240    ;0.408    ;-0.228   ;80.000   ;4.667     
2.250    ;0.410    ;-0.229   ;80.000   ;4.688     
2.260    ;0.412    ;-0.230   ;80.000   ;4.708     
2.270    ;0.414    ;-0.231   ;80.000   ;4.729     
2.280    ;0.416    ;-0.233   ;80.000   ;4.750     
2.290    ;0.419    ;-0.234   ;80.000   ;4.771     
2.300    ;0.421    ;-0.235   ;80.000   ;4.792     
2.310    ;0.423    ;-0.236   ;80.000   ;4.812     
2.320    ;0.425    ;-0.238   ;80.000   ;4.833     
2.330    ;0.427    ;-0.239   ;80.000   ;4.854     
2.340    ;0.429    ;-0.240   ;80.000   ;4.875     
2.350    ;0.431    ;-0.241   ;80.000   ;4.896     
2.360    ;0.433    ;-0.243   ;80.000   ;4.917     
2.370    ;0.435    ;-0.244   ;80.000   ;4.937     
2.380    ;0.437    ;-0.245   ;80.000   ;4.958     
2.390    ;0.439    ;-0.246   ;80.000   ;4.979     
2.400    ;0.441    ;-0.248   ;80.000   ;5.000     
2.410    ;0.443    ;-0.249   ;80.000   ;5.021     
2.420    ;0.446    ;-0.250   ;80.000   ;5.042     
2.430    ;0.448    ;-0.252   ;80.000   ;5.062     
2.440    ;0.450    ;-0.253   ;80.000   ;5.083     
2.450    ;0.452    ;-0.254   ;80.000   ;5.104     
2.460    ;0.454    ;-0.255   ;80.000   ;5.125     
2.470    ;0.456    ;-0.257   ;80.000   ;5.146     
2.480    ;0.458    ;-0.258   ;80.000   ;5.167     
2.490    ;0.460    ;-0.259   ;80.000   ;5.188     
2.500    ;0.462    ;-0.260   ;80.000   ;5.208     
2.510    ;0.464    ;-0.262   ;80.000   ;5.229     
2.520    ;0.467    ;-0.263   ;80.000   ;5.250     
2.530    ;0.469    ;-0.264   ;80.000   ;5.271     
2.540    ;0.471    ;-0.266   ;80.000   ;5.292     
2.550    ;0.473    ;-0.267   ;80.000   ;5.312     
2.560    ;0.475    ;-0.268   ;80.000   ;5.333     
2.570    ;0.477    ;-0.269   ;80.000   ;5.354     
2.580    ;0.479    ;-0.271   ;80.000   ;5.375     
2.590    ;0.481    ;-0.272   ;80.000   ;5.396     
2.600    ;0.483    ;-0.273   ;80.000   ;5.417     
2.610    ;0.486    ;-0.275   ;80.000   ;5.437     
2.620    ;0.488    ;-0.276   ;80.000   ;5.458     
2.630    ;0.490    ;-0.277   ;80.000   ;5.479     
2.640    ;0.492    ;-0.279   ;80.000   ;5.500     
2.650    ;0.494    ;-0.280   ;80.000   ;5.521     
2.660    ;0.496    ;-0.281   ;80.000   ;5.542     
2.670    ;0.498    ;-0.282   ;80.000   ;5.562     
2.680    ;0.500    ;-0.284   ;80.000   ;5.583     
2.690    ;0.503    ;-0.285   ;80.000   ;5.604     
2.700    ;0.505    ;-0.286   ;80.000   ;5.625     
2.710    ;0.507    ;-0.288   ;80.000   ;5.646     
2.720    ;0.509    ;-0.289   ;80.000   ;5.667     
2.730    ;0.511    ;-0.290   ;80.000   ;5.688     
2.740    ;0.513    ;-0.292   ;80.000   ;5.708     
2.750    ;0.515    ;-0.293   ;80.000   ;5.729     
2.760    ;0.518    ;-0.294   ;80.000   ;5.750     
2.770    ;0.520    ;-0.296   ;80.000   ;5.771     
2.780    ;0.522    ;-0.297   ;80.000   ;5.792     
2.790    ;0.524    ;-0.298   ;80.000   ;5.812     
2.800    ;0.526    ;-0.300   ;80.000   ;5.833     
2.810    ;0.528    ;-0.301   ;80.000   ;5.854     
2.820    ;0.530    ;-0.302   ;80.000   ;5.875     
2.830    ;0.533    ;-0.304   ;80.000   ;5.896     
2.840    ;0.535    ;-0.305   ;80.000   ;5.917     
2.850    ;0.537    ;-0.306   ;80.000   ;5.937     
2.860    ;0.539    ;-0.308   ;80.000   ;5.958     
2.870    ;0.541    ;-0.309   ;80.000   ;5.979     
2.880    ;0.543    ;-0.310   ;80.000   ;6.000     
2.890    ;0.546    ;-0.312   ;80.000   ;6.021     
2.900    ;0.548    ;-0.313   ;80.000   ;6.042     
2.910    ;0.550    ;-0.314   ;80.000   ;6.062     
2.920    ;0.552    ;-0.316   ;80.000   ;6.083     
2.930    ;0.554    ;-0.317   ;80.000   ;6.104     
2.940    ;0.556    ;-0.318   ;80.000   ;6.125     
2.950    ;0.559    ;-0.320   ;80.000   ;6.146     
2.960    ;0.561    ;-0.321   ;80.000   ;6.167     
2.970    ;0.563    ;-0.323   ;80.000   ;6.188     
2.980    ;0.565    ;-0.324   ;80.000   ;6.208     
2.990    ;0.567    ;-0.325   ;80.000   ;6.229     
3.000    ;0.570    ;-0.327   ;80.000   ;6.250     
3.010    ;0.572    ;-0.328   ;80.000   ;6.271     
3.020    ;0.574    ;-0.329   ;80.000   ;6.292     
3.030    ;0.576    ;-0.331   ;80.000   ;6.312     
3.040    ;0.578    ;-0.332   ;80.000   ;6.333     
3.050    ;0.580    ;-0.334   ;80.000   ;6.354     
3.060    ;0.583    ;-0.335   ;80.000   ;6.375     
3.070    ;0.585    ;-0.336   ;80.000   ;6.396     
3.080    ;0.587    ;-0.338   ;80.000   ;6.417     
3.090    ;0.589    ;-0.339   ;80.000   ;6.437     
3.100    ;0.591    ;-0.340   ;80.000   ;6.458     
3.110    ;0.594    ;-0.342   ;80.000   ;6.479     
3.120    ;0.596    ;-0.343   ;80.000   ;6.500     
3.130    ;0.598    ;-0.345   ;80.000   ;6.521     
3.140    ;0.600    ;-0.346   ;80.000   ;6.542     
3.150    ;0.603    ;-0.347   ;80.000   ;6.562     
3.160    ;0.605    ;-0.349   ;80.000   ;6.583     
3.170    ;0.607    ;-0.350   ;80.000   ;6.604     
3.180    ;0.609    ;-0.352   ;80.000   ;6.625     
3.190    ;0.611    ;-0.353   ;80.000   ;6.646     
3.200    ;0.614    ;-0.354   ;80.000   ;6.667     
3.210    ;0.616    ;-0.356   ;80.000   ;6.688     
3.220    ;0.618    ;-0.357   ;80.000   ;6.708     
3.230    ;0.620    ;-0.359   ;80.000   ;6.729     
3.240    ;0.623    ;-0.360   ;80.000   ;6.750     
3.250    ;0.625    ;-0.362   ;80.000   ;6.771     
3.260    ;0.627    ;-0.363   ;80.000   ;6.792     
3.270    ;0.629    ;-0.364   ;80.000   ;6.812     
3.280    ;0.631    ;-0.366   ;80.000   ;6.833     
3.290    ;0.634    ;-0.367   ;80.000   ;6.854     
3.300    ;0.636    ;-0.369   ;80.000   ;6.875     
3.310    ;0.638    ;-0.370   ;80.000   ;6.896     
3.320    ;0.640    ;-0.372   ;80.000   ;6.917     
3.330    ;0.643    ;-0.373   ;80.000   ;6.937     
3.340    ;0.645    ;-0.374   ;80.000   ;6.958     
3.350    ;0.647    ;-0.376   ;80.000   ;6.979     
3.360    ;0.649    ;-0.377   ;80.000   ;7.000     
3.370    ;0.652    ;-0.379   ;80.000   ;7.021     
3.380    ;0.654    ;-0.380   ;80.000   ;7.042     
3.390    ;0.656    ;-0.382   ;80.000   ;7.062     
3.400    ;0.658    ;-0.383   ;80.000   ;7.083     
3.410    ;0.661    ;-0.385   ;80.000   ;7.104     
3.420    ;0.663    ;-0.386   ;80.000   ;7.125     
3.430    ;0.665    ;-0.387   ;80.000   ;7.146     
3.440    ;0.667    ;-0.389   ;80.000   ;7.167     
3.450    ;0.670    ;-0.390   ;80.000   ;7.187     
3.460    ;0.672    ;-0.392   ;80.000   ;7.208     
3.470    ;0.674    ;-0.393   ;80.000   ;7.229     
3.480    ;0.677    ;-0.395   ;80.000   ;7.250     
3.490    ;0.679    ;-0.396   ;80.000   ;7.271     
3.500    ;0.681    ;-0.398   ;80.000   ;7.292     
3.510    ;0.683    ;-0.399   ;80.000   ;7.312     
3.520    ;0.686    ;-0.401   ;80.000   ;7.333     
3.530    ;0.688    ;-0.402   ;80.000   ;7.354     
3.540    ;0.690    ;-0.404   ;80.000   ;7.375     
3.550    ;0.692    ;-0.405   ;80.000   ;7.396     
3.560    ;0.695    ;-0.407   ;80.000   ;7.417     
3.570    ;0.697    ;-0.408   ;80.000   ;7.437     
3.580    ;0.699    ;-0.410   ;80.000   ;7.458     
3.590    ;0.702    ;-0.411   ;80.000   ;7.479     
3.600    ;0.704    ;-0.413   ;80.000   ;7.500     
3.610    ;0.706    ;-0.414   ;80.000   ;7.521     
3.620    ;0.708    ;-0.416   ;80.000   ;7.542     
3.630    ;0.711    ;-0.417   ;80.000   ;7.562     
3.640    ;0.713    ;-0.419   ;80.000   ;7.583     
3.650    ;0.715    ;-0.420   ;80.000   ;7.604     
3.660    ;0.718    ;-0.422   ;80.000   ;7.625     
3.670    ;0.720    ;-0.423   ;80.000   ;7.646     
3.680    ;0.722    ;-0.425   ;80.000   ;7.667     
3.690    ;0.724    ;-0.426   ;80.000   ;7.687     
3.700    ;0.727    ;-0.428   ;80.000   ;7.708     
3.710    ;0.729    ;-0.429   ;80.000   ;7.729     
3.720    ;0.731    ;-0.431   ;80.000   ;7.750     
3.730    ;0.734    ;-0.432   ;80.000   ;7.771     
3.740    ;0.736    ;-0.434   ;80.000   ;7.792     
3.750    ;0.738    ;-0.435   ;80.000   ;7.812     
3.760    ;0.741    ;-0.437   ;80.000   ;7.833     
3.770    ;0.743    ;-0.438   ;80.000   ;7.854     
3.780    ;0.745    ;-0.440   ;80.000   ;7.875     
3.790    ;0.748    ;-0.441   ;80.000   ;7.896     
3.800    ;0.750    ;-0.443   ;80.000   ;7.917     
3.810    ;0.752    ;-0.445   ;80.000   ;7.937     
3.820    ;0.755    ;-0.446   ;80.000   ;7.958     
3.830    ;0.757    ;-0.448   ;80.000   ;7.979     
3.840    ;0.759    ;-0.449   ;80.000   ;8.000     
3.850    ;0.762    ;-0.451   ;80.000   ;8.021     
3.860    ;0.764    ;-0.452   ;80.000   ;8.042     
3.870    ;0.766    ;-0.454   ;80.000   ;8.062     
3.880    ;0.769    ;-0.455   ;80.000   ;8.083     
3.890    ;0.771    ;-0.457   ;80.000   ;8.104     
3.900    ;0.773    ;-0.459   ;80.000   ;8.125     
3.910    ;0.776    ;-0.460   ;80.000   ;8.146     
3.920    ;0.778    ;-0.462   ;80.000   ;8.167     
3.930    ;0.780    ;-0.463   ;80.000   ;8.187     
3.940    ;0.783    ;-0.465   ;80.000   ;8.208     
3.950    ;0.785    ;-0.466   ;80.000   ;8.229     
3.960    ;0.787    ;-0.468   ;80.000   ;8.250     
3.970    ;0.790    ;-0.470   ;80.000   ;8.271     
3.980    ;0.792    ;-0.471   ;80.000   ;8.292     
3.990    ;0.794    ;-0.473   ;80.000   ;8.313     
4.000    ;0.797    ;-0.474   ;80.000   ;8.333     
4.010    ;0.799    ;-0.476   ;80.000   ;8.354     
4.020    ;0.801    ;-0.478   ;80.000   ;8.375     
4.030    ;0.804    ;-0.479   ;80.000   ;8.396     
4.040    ;0.806    ;-0.481   ;80.000   ;8.417     
4.050    ;0.808    ;-0.482   ;80.000   ;8.437     
4.060    ;0.811    ;-0.484   ;80.000   ;8.458     
4.070    ;0.813    ;-0.486   ;80.000   ;8.479     
4.080    ;0.816    ;-0.487   ;80.000   ;8.500     
4.090    ;0.818    ;-0.489   ;80.000   ;8.521     
4.100    ;0.820    ;-0.490   ;80.000   ;8.542     
4.110    ;0.823    ;-0.492   ;80.000   ;8.563     
4.120    ;0.825    ;-0.494   ;80.000   ;8.583     
4.130    ;0.827    ;-0.495   ;80.000   ;8.604     
4.140    ;0.830    ;-0.497   ;80.000   ;8.625     
4.150    ;0.832    ;-0.499   ;80.000   ;8.646     
4.160    ;0.834    ;-0.500   ;80.000   ;8.667     
4.170    ;0.837    ;-0.502   ;80.000   ;8.688     
4.180    ;0.839    ;-0.503   ;80.000   ;8.708     
4.190    ;0.842    ;-0.505   ;80.000   ;8.729     
4.200    ;0.844    ;-0.507   ;80.000   ;8.750     
4.210    ;0.846    ;-0.508   ;80.000   ;8.771     
4.220    ;0.849    ;-0.510   ;80.000   ;8.792     
4.230    ;0.851    ;-0.512   ;80.000   ;8.813     
4.240    ;0.854    ;-0.513   ;80.000   ;8.833     
4.250    ;0.856    ;-0.515   ;80.000   ;8.854     
4.260    ;0.858    ;-0.517   ;80.000   ;8.875     
4.270    ;0.861    ;-0.518   ;80.000   ;8.896     
4.280    ;0.863    ;-0.520   ;80.000   ;8.917     
4.290    ;0.865    ;-0.522   ;80.000   ;8.938     
4.300    ;0.868    ;-0.523   ;80.000   ;8.958     
4.310    ;0.870    ;-0.525   ;80.000   ;8.979     
4.320    ;0.873    ;-0.527   ;80.000   ;9.000     
4.330    ;0.875    ;-0.528   ;80.000   ;9.021     
4.340    ;0.877    ;-0.530   ;80.000   ;9.042     
4.350    ;0.880    ;-0.532   ;80.000   ;9.062     
4.360    ;0.882    ;-0.533   ;80.000   ;9.083     
4.370    ;0.885    ;-0.535   ;80.000   ;9.104     
4.380    ;0.887    ;-0.537   ;80.000   ;9.125     
4.390    ;0.890    ;-0.539   ;80.000   ;9.146     
4.400    ;0.892    ;-0.540   ;80.000   ;9.167     
4.410    ;0.894    ;-0.542   ;80.000   ;9.187     
4.420    ;0.897    ;-0.544   ;80.000   ;9.208     
4.430    ;0.899    ;-0.545   ;80.000   ;9.229     
4.440    ;0.902    ;-0.547   ;80.000   ;9.250     
4.450    ;0.904    ;-0.549   ;80.000   ;9.271     
4.460    ;0.906    ;-0.551   ;80.000   ;9.292     
4.470    ;0.909    ;-0.552   ;80.000   ;9.312     
4.480    ;0.911    ;-0.554   ;80.000   ;9.333     
4.490    ;0.914    ;-0.556   ;80.000   ;9.354     
4.500    ;0.916    ;-0.557   ;80.000   ;9.375     
4.510    ;0.919    ;-0.559   ;80.000   ;9.396     
4.520    ;0.921    ;-0.561   ;80.000   ;9.417     
4.530    ;0.923    ;-0.563   ;80.000   ;9.437     
4.540    ;0.926    ;-0.564   ;80.000   ;9.458     
4.550    ;0.928    ;-0.566   ;80.000   ;9.479     
4.560    ;0.931    ;-0.568   ;80.000   ;9.500     
4.570    ;0.933    ;-0.570   ;80.000   ;9.521     
4.580    ;0.936    ;-0.571   ;80.000   ;9.542     
4.590    ;0.938    ;-0.573   ;80.000   ;9.562     
4.600    ;0.940    ;-0.575   ;80.000   ;9.583     
4.610    ;0.943    ;-0.577   ;80.000   ;9.604     
4.620    ;0.945    ;-0.578   ;80.000   ;9.625     
4.630    ;0.948    ;-0.580   ;80.000   ;9.646     
4.640    ;0.950    ;-0.582   ;80.000   ;9.667     
4.650    ;0.953    ;-0.584   ;80.000   ;9.688     
4.660    ;0.955    ;-0.586   ;80.000   ;9.708     
4.670    ;0.958    ;-0.587   ;80.000   ;9.729     
4.680    ;0.960    ;-0.589   ;80.000   ;9.750     
4.690    ;0.963    ;-0.591   ;80.000   ;9.771     
4.700    ;0.965    ;-0.593   ;80.000   ;9.792     
4.710    ;0.967    ;-0.595   ;80.000   ;9.813     
4.720    ;0.970    ;-0.596   ;80.000   ;9.833     
4.730    ;0.972    ;-0.598   ;80.000   ;9.854     
4.740    ;0.975    ;-0.600   ;80.000   ;9.875     
4.750    ;0.977    ;-0.602   ;80.000   ;9.896     
4.760    ;0.980    ;-0.604   ;80.000   ;9.917     
4.770    ;0.982    ;-0.605   ;80.000   ;9.938     
4.780    ;0.985    ;-0.607   ;80.000   ;9.958     
4.790    ;0.987    ;-0.609   ;80.000   ;9.979     
4.800    ;0.990    ;-0.611   ;80.000   ;10.000    
4.810    ;0.992    ;-0.613   ;80.000   ;10.021    
4.820    ;0.995    ;-0.614   ;80.000   ;10.042    
4.830    ;0.997    ;-0.616   ;80.000   ;10.062    
4.840    ;0.999    ;-0.618   ;80.000   ;10.083    
4.850    ;1.002    ;-0.620   ;80.000   ;10.104    
4.860    ;1.004    ;-0.622   ;80.000   ;10.125    
4.870    ;1.007    ;-0.624   ;80.000   ;10.146    
4.880    ;1.009    ;-0.626   ;80.000   ;10.167    
4.890    ;1.012    ;-0.627   ;80.000   ;10.187    
4.900    ;1.014    ;-0.629   ;80.000   ;10.208    
4.910    ;1.017    ;-0.631   ;80.000   ;10.229    
4.920    ;1.019    ;-0.633   ;80.000   ;10.250    
4.930    ;1.022    ;-0.635   ;80.000   ;10.271    
4.940    ;1.024    ;-0.637   ;80.000   ;10.292    
4.950    ;1.027    ;-0.639   ;80.000   ;10.312    
4.960    ;1.029    ;-0.640   ;80.000   ;10.333    
4.970    ;1.032    ;-0.642   ;80.000   ;10.354    
4.980    ;1.034    ;-0.644   ;80.000   ;10.375    
4.990    ;1.037    ;-0.646   ;80.000   ;10.396    
5.000    ;1.039    ;-0.648   ;80.000   ;10.417    
5.010    ;1.042    ;-0.650   ;80.000   ;10.437    
5.020    ;1.044    ;-0.652   ;80.000   ;10.458    
5.030    ;1.047    ;-0.654   ;80.000   ;10.479    
5.040    ;1.049    ;-0.656   ;80.000   ;10.500    
5.050    ;1.052    ;-0.658   ;80.000   ;10.521    
5.060    ;1.054    ;-0.659   ;80.000   ;10.542    
5.070    ;1.057    ;-0.661   ;80.000   ;10.562    
5.080    ;1.059    ;-0.663   ;80.000   ;10.583    
5.090    ;1.062    ;-0.665   ;80.000   ;10.604    
5.100    ;1.064    ;-0.667   ;80.000   ;10.625    
5.110    ;1.067    ;-0.669   ;80.000   ;10.646    
5.120    ;1.069    ;-0.671   ;80.000   ;10.667    
5.130    ;1.072    ;-0.673   ;80.000   ;10.688    
5.140    ;1.074    ;-0.675   ;80.000   ;10.708    
5.150    ;1.077    ;-0.677   ;80.000   ;10.729    
5.160    ;1.079    ;-0.679   ;80.000   ;10.750    
5.170    ;1.082    ;-0.681   ;80.000   ;10.771    
5.180    ;1.084    ;-0.683   ;80.000   ;10.792    
5.190    ;1.087    ;-0.685   ;80.000   ;10.813    
5.200    ;1.089    ;-0.687   ;80.000   ;10.833    
5.210    ;1.092    ;-0.689   ;80.000   ;10.854    
5.220    ;1.094    ;-0.691   ;80.000   ;10.875    
5.230    ;1.097    ;-0.693   ;80.000   ;10.896    
5.240    ;1.100    ;-0.695   ;80.000   ;10.917    
5.250    ;1.102    ;-0.696   ;80.000   ;10.938    
5.260    ;1.105    ;-0.698   ;80.000   ;10.958    
5.270    ;1.107    ;-0.700   ;80.000   ;10.979    
5.280    ;1.110    ;-0.702   ;80.000   ;11.000    
5.290    ;1.112    ;-0.704   ;80.000   ;11.021    
5.300    ;1.115    ;-0.706   ;80.000   ;11.042    
5.310    ;1.117    ;-0.708   ;80.000   ;11.062    
5.320    ;1.120    ;-0.710   ;80.000   ;11.083    
5.330    ;1.122    ;-0.712   ;80.000   ;11.104    
5.340    ;1.125    ;-0.715   ;80.000   ;11.125    
5.350    ;1.127    ;-0.717   ;80.000   ;11.146    
5.360    ;1.130    ;-0.719   ;80.000   ;11.167    
5.370    ;1.132    ;-0.721   ;80.000   ;11.187    
5.380    ;1.135    ;-0.723   ;80.000   ;11.208    
5.390    ;1.138    ;-0.725   ;80.000   ;11.229    
5.400    ;1.140    ;-0.727   ;80.000   ;11.250    
5.410    ;1.143    ;-0.729   ;80.000   ;11.271    
5.420    ;1.145    ;-0.731   ;80.000   ;11.292    
5.430    ;1.148    ;-0.733   ;80.000   ;11.312    
5.440    ;1.150    ;-0.735   ;80.000   ;11.333    
5.450    ;1.153    ;-0.737   ;80.000   ;11.354    
5.460    ;1.155    ;-0.739   ;80.000   ;11.375    
5.470    ;1.158    ;-0.741   ;80.000   ;11.396    
5.480    ;1.161    ;-0.743   ;80.000   ;11.417    
5.490    ;1.163    ;-0.745   ;80.000   ;11.437    
5.500    ;1.166    ;-0.747   ;80.000   ;11.458    
5.510    ;1.168    ;-0.749   ;80.000   ;11.479    
5.520    ;1.171    ;-0.752   ;80.000   ;11.500    
5.530    ;1.173    ;-0.754   ;80.000   ;11.521    
5.540    ;1.176    ;-0.756   ;80.000   ;11.542    
5.550    ;1.178    ;-0.758   ;80.000   ;11.562    
5.560    ;1.181    ;-0.760   ;80.000   ;11.583    
5.570    ;1.184    ;-0.762   ;80.000   ;11.604    
5.580    ;1.186    ;-0.764   ;80.000   ;11.625    
5.590    ;1.189    ;-0.766   ;80.000   ;11.646    
5.600    ;1.191    ;-0.768   ;80.000   ;11.667    
5.610    ;1.194    ;-0.770   ;80.000   ;11.687    
5.620    ;1.196    ;-0.773   ;80.000   ;11.708    
5.630    ;1.199    ;-0.775   ;80.000   ;11.729    
5.640    ;1.202    ;-0.777   ;80.000   ;11.750    
5.650    ;1.204    ;-0.779   ;80.000   ;11.771    
5.660    ;1.207    ;-0.781   ;80.000   ;11.792    
5.670    ;1.209    ;-0.783   ;80.000   ;11.813    
5.680    ;1.212    ;-0.785   ;80.000   ;11.833    
5.690    ;1.214    ;-0.788   ;80.000   ;11.854    
5.700    ;1.217    ;-0.790   ;80.000   ;11.875    
5.710    ;1.220    ;-0.792   ;80.000   ;11.896    
5.720    ;1.222    ;-0.794   ;80.000   ;11.917    
5.730    ;1.225    ;-0.796   ;80.000   ;11.938    
5.740    ;1.227    ;-0.799   ;80.000   ;11.958    
5.750    ;1.230    ;-0.801   ;80.000   ;11.979    
5.760    ;1.233    ;-0.803   ;80.000   ;12.000    
5.770    ;1.235    ;-0.805   ;80.000   ;12.021    
5.780    ;1.238    ;-0.807   ;80.000   ;12.042    
5.790    ;1.240    ;-0.810   ;80.000   ;12.062    
5.800    ;1.243    ;-0.812   ;80.000   ;12.083    
5.810    ;1.245    ;-0.814   ;80.000   ;12.104    
5.820    ;1.248    ;-0.816   ;80.000   ;12.125    
5.830    ;1.251    ;-0.818   ;80.000   ;12.146    
5.840    ;1.253    ;-0.821   ;80.000   ;12.167    
5.850    ;1.256    ;-0.823   ;80.000   ;12.187    
5.860    ;1.258    ;-0.825   ;80.000   ;12.208    
5.870    ;1.261    ;-0.827   ;80.000   ;12.229    
5.880    ;1.264    ;-0.830   ;80.000   ;12.250    
5.890    ;1.266    ;-0.832   ;80.000   ;12.271    
5.900    ;1.269    ;-0.834   ;80.000   ;12.292    
5.910    ;1.271    ;-0.836   ;80.000   ;12.312    
5.920    ;1.274    ;-0.839   ;80.000   ;12.333    
5.930    ;1.277    ;-0.841   ;80.000   ;12.354    
5.940    ;1.279    ;-0.843   ;80.000   ;12.375    
5.950    ;1.282    ;-0.845   ;80.000   ;12.396    
5.960    ;1.284    ;-0.848   ;80.000   ;12.417    
5.970    ;1.287    ;-0.850   ;80.000   ;12.437    
5.980    ;1.290    ;-0.852   ;80.000   ;12.458    
5.990    ;1.292    ;-0.855   ;80.000   ;12.479    
6.000    ;1.295    ;-0.857   ;80.000   ;12.500    
6.010    ;1.297    ;-0.859   ;80.000   ;12.521    
6.020    ;1.300    ;-0.861   ;80.000   ;12.542    
6.030    ;1.303    ;-0.864   ;80.000   ;12.562    
6.040    ;1.305    ;-0.866   ;80.000   ;12.583    
6.050    ;1.308    ;-0.868   ;80.000   ;12.604    
6.060    ;1.311    ;-0.871   ;80.000   ;12.625    
6.070    ;1.313    ;-0.873   ;80.000   ;12.646    
6.080    ;1.316    ;-0.875   ;80.000   ;12.667    
6.090    ;1.318    ;-0.878   ;80.000   ;12.687    
6.100    ;1.321    ;-0.880   ;80.000   ;12.708    
6.110    ;1.324    ;-0.883   ;80.000   ;12.729    
6.120    ;1.326    ;-0.885   ;80.000   ;12.750    
6.130    ;1.329    ;-0.887   ;80.000   ;12.771    
6.140    ;1.331    ;-0.890   ;80.000   ;12.792    
6.150    ;1.334    ;-0.892   ;80.000   ;12.813    
6.160    ;1.337    ;-0.894   ;80.000   ;12.833    
6.170    ;1.339    ;-0.897   ;80.000   ;12.854    
6.180    ;1.342    ;-0.899   ;80.000   ;12.875    
6.190    ;1.345    ;-0.902   ;80.000   ;12.896    
6.200    ;1.347    ;-0.904   ;80.000   ;12.917    
6.210    ;1.350    ;-0.906   ;80.000   ;12.938    
6.220    ;1.352    ;-0.909   ;80.000   ;12.958    
6.230    ;1.355    ;-0.911   ;80.000   ;12.979    
6.240    ;1.358    ;-0.914   ;80.000   ;13.000    
6.250    ;1.360    ;-0.916   ;80.000   ;13.021    
6.260    ;1.363    ;-0.918   ;80.000   ;13.042    
6.270    ;1.366    ;-0.921   ;80.000   ;13.062    
6.280    ;1.368    ;-0.923   ;80.000   ;13.083    
6.290    ;1.371    ;-0.926   ;80.000   ;13.104    
6.300    ;1.374    ;-0.928   ;80.000   ;13.125    
6.310    ;1.376    ;-0.931   ;80.000   ;13.146    
6.320    ;1.379    ;-0.933   ;80.000   ;13.167    
6.330    ;1.381    ;-0.936   ;80.000   ;13.187    
6.340    ;1.384    ;-0.938   ;80.000   ;13.208    
6.350    ;1.387    ;-0.941   ;80.000   ;13.229    
6.360    ;1.389    ;-0.943   ;80.000   ;13.250    
6.370    ;1.392    ;-0.946   ;80.000   ;13.271    
6.380    ;1.395    ;-0.948   ;80.000   ;13.292    
6.390    ;1.397    ;-0.951   ;80.000   ;13.312    
6.400    ;1.400    ;-0.953   ;80.000   ;13.333    
6.410    ;1.403    ;-0.956   ;80.000   ;13.354    
6.420    ;1.405    ;-0.958   ;80.000   ;13.375    
6.430    ;1.408    ;-0.961   ;80.000   ;13.396    
6.440    ;1.410    ;-0.963   ;80.000   ;13.417    
6.450    ;1.413    ;-0.966   ;80.000   ;13.437    
6.460    ;1.416    ;-0.968   ;80.000   ;13.458    
6.470    ;1.418    ;-0.971   ;80.000   ;13.479    
6.480    ;1.421    ;-0.973   ;80.000   ;13.500    
6.490    ;1.424    ;-0.976   ;80.000   ;13.521    
6.500    ;1.426    ;-0.978   ;80.000   ;13.542    
6.510    ;1.429    ;-0.981   ;80.000   ;13.562    
6.520    ;1.432    ;-0.984   ;80.000   ;13.583    
6.530    ;1.434    ;-0.986   ;80.000   ;13.604    
6.540    ;1.437    ;-0.989   ;80.000   ;13.625    
6.550    ;1.440    ;-0.991   ;80.000   ;13.646    
6.560    ;1.442    ;-0.994   ;80.000   ;13.667    
6.570    ;1.445    ;-0.997   ;80.000   ;13.687    
6.580    ;1.448    ;-0.999   ;80.000   ;13.708    
6.590    ;1.450    ;-1.002   ;80.000   ;13.729    
6.600    ;1.453    ;-1.004   ;80.000   ;13.750    
6.610    ;1.455    ;-1.007   ;80.000   ;13.771    
6.620    ;1.458    ;-1.010   ;80.000   ;13.792    
6.630    ;1.461    ;-1.012   ;80.000   ;13.812    
6.640    ;1.463    ;-1.015   ;80.000   ;13.833    
6.650    ;1.466    ;-1.018   ;80.000   ;13.854    
6.660    ;1.469    ;-1.020   ;80.000   ;13.875    
6.670    ;1.471    ;-1.023   ;80.000   ;13.896    
6.680    ;1.474    ;-1.026   ;80.000   ;13.917    
6.690    ;1.477    ;-1.028   ;80.000   ;13.938    
6.700    ;1.479    ;-1.031   ;80.000   ;13.958    
6.710    ;1.482    ;-1.034   ;80.000   ;13.979    
6.720    ;1.485    ;-1.036   ;80.000   ;14.000    
6.730    ;1.487    ;-1.039   ;80.000   ;14.021    
6.740    ;1.490    ;-1.042   ;80.000   ;14.042    
6.750    ;1.493    ;-1.044   ;80.000   ;14.062    
6.760    ;1.495    ;-1.047   ;80.000   ;14.083    
6.770    ;1.498    ;-1.050   ;80.000   ;14.104    
6.780    ;1.501    ;-1.053   ;80.000   ;14.125    
6.790    ;1.503    ;-1.055   ;80.000   ;14.146    
6.800    ;1.506    ;-1.058   ;80.000   ;14.167    
6.810    ;1.509    ;-1.061   ;80.000   ;14.187    
6.820    ;1.511    ;-1.063   ;80.000   ;14.208    
6.830    ;1.514    ;-1.066   ;80.000   ;14.229    
6.840    ;1.517    ;-1.069   ;80.000   ;14.250    
6.850    ;1.519    ;-1.072   ;80.000   ;14.271    
6.860    ;1.522    ;-1.075   ;80.000   ;14.292    
6.870    ;1.525    ;-1.077   ;80.000   ;14.312    
6.880    ;1.527    ;-1.080   ;80.000   ;14.333    
6.890    ;1.530    ;-1.083   ;80.000   ;14.354    
6.900    ;1.533    ;-1.086   ;80.000   ;14.375    
6.910    ;1.535    ;-1.089   ;80.000   ;14.396    
6.920    ;1.538    ;-1.091   ;80.000   ;14.417    
6.930    ;1.541    ;-1.094   ;80.000   ;14.437    
6.940    ;1.543    ;-1.097   ;80.000   ;14.458    
6.950    ;1.546    ;-1.100   ;80.000   ;14.479    
6.960    ;1.549    ;-1.103   ;80.000   ;14.500    
6.970    ;1.551    ;-1.106   ;80.000   ;14.521    
6.980    ;1.554    ;-1.108   ;80.000   ;14.542    
6.990    ;1.557    ;-1.111   ;80.000   ;14.562    
7.000    ;1.559    ;-1.114   ;80.000   ;14.583    
7.010    ;1.562    ;-1.117   ;80.000   ;14.604    
7.020    ;1.565    ;-1.120   ;80.000   ;14.625    
7.030    ;1.567    ;-1.123   ;80.000   ;14.646    
7.040    ;1.570    ;-1.126   ;80.000   ;14.667    
7.050    ;1.573    ;-1.129   ;80.000   ;14.687    
7.060    ;1.575    ;-1.131   ;80.000   ;14.708    
7.070    ;1.578    ;-1.134   ;80.000   ;14.729    
7.080    ;1.581    ;-1.137   ;80.000   ;14.750    
7.090    ;1.583    ;-1.140   ;80.000   ;14.771    
7.100    ;1.586    ;-1.143   ;80.000   ;14.792    
7.110    ;1.589    ;-1.146   ;80.000   ;14.812    
7.120    ;1.591    ;-1.149   ;80.000   ;14.833    
7.130    ;1.594    ;-1.152   ;80.000   ;14.854    
7.140    ;1.597    ;-1.155   ;80.000   ;14.875    
7.150    ;1.599    ;-1.158   ;80.000   ;14.896    
7.160    ;1.602    ;-1.161   ;80.000   ;14.917    
7.170    ;1.605    ;-1.164   ;80.000   ;14.938    
7.180    ;1.607    ;-1.167   ;80.000   ;14.958    
7.190    ;1.610    ;-1.170   ;80.000   ;14.979    
7.200    ;1.613    ;-1.173   ;80.000   ;15.000    
7.210    ;1.615    ;-1.176   ;80.000   ;15.021    
7.220    ;1.618    ;-1.179   ;80.000   ;15.042    
7.230    ;1.621    ;-1.182   ;80.000   ;15.062    
7.240    ;1.623    ;-1.185   ;80.000   ;15.083    
7.250    ;1.626    ;-1.188   ;80.000   ;15.104    
7.260    ;1.629    ;-1.191   ;80.000   ;15.125    
7.270    ;1.631    ;-1.194   ;80.000   ;15.146    
7.280    ;1.634    ;-1.197   ;80.000   ;15.167    
7.290    ;1.637    ;-1.200   ;80.000   ;15.187    
7.300    ;1.640    ;-1.203   ;80.000   ;15.208    
7.310    ;1.642    ;-1.206   ;80.000   ;15.229    
7.320    ;1.645    ;-1.209   ;80.000   ;15.250    
7.330    ;1.648    ;-1.213   ;80.000   ;15.271    
7.340    ;1.650    ;-1.216   ;80.000   ;15.292    
7.350    ;1.653    ;-1.219   ;80.000   ;15.312    
7.360    ;1.656    ;-1.222   ;80.000   ;15.333    
7.370    ;1.658    ;-1.225   ;80.000   ;15.354    
7.380    ;1.661    ;-1.228   ;80.000   ;15.375    
7.390    ;1.664    ;-1.231   ;80.000   ;15.396    
7.400    ;1.666    ;-1.234   ;80.000   ;15.417    
7.410    ;1.669    ;-1.238   ;80.000   ;15.437    
7.420    ;1.672    ;-1.241   ;80.000   ;15.458    
7.430    ;1.674    ;-1.244   ;80.000   ;15.479    
7.440    ;1.677    ;-1.247   ;80.000   ;15.500    
7.450    ;1.680    ;-1.250   ;80.000   ;15.521    
7.460    ;1.682    ;-1.254   ;80.000   ;15.542    
7.470    ;1.685    ;-1.257   ;80.000   ;15.562    
7.480    ;1.688    ;-1.260   ;80.000   ;15.583    
7.490    ;1.690    ;-1.263   ;80.000   ;15.604    
7.500    ;1.693    ;-1.266   ;80.000   ;15.625    
7.510    ;1.696    ;-1.270   ;80.000   ;15.646    
7.520    ;1.698    ;-1.273   ;80.000   ;15.667    
7.530    ;1.701    ;-1.276   ;80.000   ;15.687    
7.540    ;1.704    ;-1.279   ;80.000   ;15.708    
7.550    ;1.706    ;-1.283   ;80.000   ;15.729    
7.560    ;1.709    ;-1.286   ;80.000   ;15.750    
7.570    ;1.712    ;-1.289   ;80.000   ;15.771    
7.580    ;1.714    ;-1.292   ;80.000   ;15.792    
7.590    ;1.717    ;-1.296   ;80.000   ;15.812    
7.600    ;1.720    ;-1.299   ;80.000   ;15.833    
7.610    ;1.722    ;-1.302   ;80.000   ;15.854    
7.620    ;1.725    ;-1.306   ;80.000   ;15.875    
7.630    ;1.728    ;-1.309   ;80.000   ;15.896    
7.640    ;1.730    ;-1.312   ;80.000   ;15.917    
7.650    ;1.733    ;-1.316   ;80.000   ;15.937    
7.660    ;1.736    ;-1.319   ;80.000   ;15.958    
7.670    ;1.738    ;-1.322   ;80.000   ;15.979    
7.680    ;1.741    ;-1.326   ;80.000   ;16.000    
7.690    ;1.744    ;-1.329   ;80.000   ;16.021    
7.700    ;1.746    ;-1.333   ;80.000   ;16.042    
7.710    ;1.749    ;-1.336   ;80.000   ;16.063    
7.720    ;1.752    ;-1.339   ;80.000   ;16.083    
7.730    ;1.754    ;-1.343   ;80.000   ;16.104    
7.740    ;1.757    ;-1.346   ;80.000   ;16.125    
7.750    ;1.760    ;-1.350   ;80.000   ;16.146    
7.760    ;1.762    ;-1.353   ;80.000   ;16.167    
7.770    ;1.765    ;-1.357   ;80.000   ;16.188    
7.780    ;1.768    ;-1.360   ;80.000   ;16.208    
7.790    ;1.770    ;-1.363   ;80.000   ;16.229    
7.800    ;1.773    ;-1.367   ;80.000   ;16.250    
7.810    ;1.776    ;-1.370   ;80.000   ;16.271    
7.820    ;1.778    ;-1.374   ;80.000   ;16.292    
7.830    ;1.781    ;-1.377   ;80.000   ;16.313    
7.840    ;1.784    ;-1.381   ;80.000   ;16.333    
7.850    ;1.786    ;-1.384   ;80.000   ;16.354    
7.860    ;1.789    ;-1.388   ;80.000   ;16.375    
7.870    ;1.792    ;-1.392   ;80.000   ;16.396    
7.880    ;1.794    ;-1.395   ;80.000   ;16.417    
7.890    ;1.797    ;-1.399   ;80.000   ;16.438    
7.900    ;1.800    ;-1.402   ;80.000   ;16.458    
7.910    ;1.802    ;-1.406   ;80.000   ;16.479    
7.920    ;1.805    ;-1.409   ;80.000   ;16.500    
7.930    ;1.808    ;-1.413   ;80.000   ;16.521    
7.940    ;1.810    ;-1.417   ;80.000   ;16.542    
7.950    ;1.813    ;-1.420   ;80.000   ;16.562    
7.960    ;1.816    ;-1.424   ;80.000   ;16.583    
7.970    ;1.818    ;-1.427   ;80.000   ;16.604    
7.980    ;1.821    ;-1.431   ;80.000   ;16.625    
7.990    ;1.824    ;-1.435   ;80.000   ;16.646    
8.000    ;1.826    ;-1.438   ;80.000   ;16.667    
8.010    ;1.829    ;-1.442   ;80.000   ;16.688    
8.020    ;1.832    ;-1.446   ;80.000   ;16.708    
8.030    ;1.834    ;-1.449   ;80.000   ;16.729    
8.040    ;1.837    ;-1.453   ;80.000   ;16.750    
8.050    ;1.840    ;-1.457   ;80.000   ;16.771    
8.060    ;1.842    ;-1.460   ;80.000   ;16.792    
8.070    ;1.845    ;-1.464   ;80.000   ;16.812    
8.080    ;1.848    ;-1.468   ;80.000   ;16.833    
8.090    ;1.850    ;-1.472   ;80.000   ;16.854    
8.100    ;1.853    ;-1.475   ;80.000   ;16.875    
8.110    ;1.856    ;-1.479   ;80.000   ;16.896    
8.120    ;1.858    ;-1.483   ;80.000   ;16.917    
8.130    ;1.861    ;-1.487   ;80.000   ;16.938    
8.140    ;1.864    ;-1.490   ;80.000   ;16.958    
8.150    ;1.866    ;-1.494   ;80.000   ;16.979    
8.160    ;1.869    ;-1.498   ;80.000   ;17.000    
8.170    ;1.871    ;-1.502   ;80.000   ;17.021    
8.180    ;1.874    ;-1.506   ;80.000   ;17.042    
8.190    ;1.877    ;-1.510   ;80.000   ;17.062    
8.200    ;1.879    ;-1.513   ;80.000   ;17.083    
8.210    ;1.882    ;-1.517   ;80.000   ;17.104    
8.220    ;1.885    ;-1.521   ;80.000   ;17.125    
8.230    ;1.887    ;-1.525   ;80.000   ;17.146    
8.240    ;1.890    ;-1.529   ;80.000   ;17.167    
8.250    ;1.893    ;-1.533   ;80.000   ;17.188    
8.260    ;1.895    ;-1.537   ;80.000   ;17.208    
8.270    ;1.898    ;-1.541   ;80.000   ;17.229    
8.280    ;1.901    ;-1.544   ;80.000   ;17.250    
8.290    ;1.903    ;-1.548   ;80.000   ;17.271    
8.300    ;1.906    ;-1.552   ;80.000   ;17.292    
8.310    ;1.908    ;-1.556   ;80.000   ;17.312    
8.320    ;1.911    ;-1.560   ;80.000   ;17.333    
8.330    ;1.914    ;-1.564   ;80.000   ;17.354    
8.340    ;1.916    ;-1.568   ;80.000   ;17.375    
8.350    ;1.919    ;-1.572   ;80.000   ;17.396    
8.360    ;1.922    ;-1.576   ;80.000   ;17.417    
8.370    ;1.924    ;-1.580   ;80.000   ;17.438    
8.380    ;1.927    ;-1.584   ;80.000   ;17.458    
8.390    ;1.929    ;-1.588   ;80.000   ;17.479    
8.400    ;1.932    ;-1.592   ;80.000   ;17.500    
8.410    ;1.935    ;-1.596   ;80.000   ;17.521    
8.420    ;1.937    ;-1.601   ;80.000   ;17.542    
8.430    ;1.940    ;-1.605   ;80.000   ;17.562    
8.440    ;1.943    ;-1.609   ;80.000   ;17.583    
8.450    ;1.945    ;-1.613   ;80.000   ;17.604    
8.460    ;1.948    ;-1.617   ;80.000   ;17.625    
8.470    ;1.950    ;-1.621   ;80.000   ;17.646    
8.480    ;1.953    ;-1.625   ;80.000   ;17.667    
8.490    ;1.956    ;-1.629   ;80.000   ;17.687    
8.500    ;1.958    ;-1.633   ;80.000   ;17.708    
8.510    ;1.961    ;-1.638   ;80.000   ;17.729    
8.520    ;1.964    ;-1.642   ;80.000   ;17.750    
8.530    ;1.966    ;-1.646   ;80.000   ;17.771    
8.540    ;1.969    ;-1.650   ;80.000   ;17.792    
8.550    ;1.971    ;-1.654   ;80.000   ;17.813    
8.560    ;1.974    ;-1.659   ;80.000   ;17.833    
8.570    ;1.977    ;-1.663   ;80.000   ;17.854    
8.580    ;1.979    ;-1.667   ;80.000   ;17.875    
8.590    ;1.982    ;-1.671   ;80.000   ;17.896    
8.600    ;1.984    ;-1.676   ;80.000   ;17.917    
8.610    ;1.987    ;-1.680   ;80.000   ;17.937    
8.620    ;1.990    ;-1.684   ;80.000   ;17.958    
8.630    ;1.992    ;-1.689   ;80.000   ;17.979    
8.640    ;1.995    ;-1.693   ;80.000   ;18.000    
8.650    ;1.997    ;-1.697   ;80.000   ;18.021    
8.660    ;2.000    ;-1.702   ;80.000   ;18.042    
8.670    ;2.003    ;-1.706   ;80.000   ;18.063    
8.680    ;2.005    ;-1.710   ;80.000   ;18.083    
8.690    ;2.008    ;-1.715   ;80.000   ;18.104    
8.700    ;2.010    ;-1.719   ;80.000   ;18.125    
8.710    ;2.013    ;-1.723   ;80.000   ;18.146    
8.720    ;2.016    ;-1.728   ;80.000   ;18.167    
8.730    ;2.018    ;-1.732   ;80.000   ;18.187    
8.740    ;2.021    ;-1.737   ;80.000   ;18.208    
8.750    ;2.023    ;-1.741   ;80.000   ;18.229    
8.760    ;2.026    ;-1.746   ;80.000   ;18.250    
8.770    ;2.029    ;-1.750   ;80.000   ;18.271    
8.780    ;2.031    ;-1.755   ;80.000   ;18.292    
8.790    ;2.034    ;-1.759   ;80.000   ;18.313    
8.800    ;2.036    ;-1.764   ;80.000   ;18.333    
8.810    ;2.039    ;-1.768   ;80.000   ;18.354    
8.820    ;2.041    ;-1.773   ;80.000   ;18.375    
8.830    ;2.044    ;-1.777   ;80.000   ;18.396    
8.840    ;2.047    ;-1.782   ;80.000   ;18.417    
8.850    ;2.049    ;-1.786   ;80.000   ;18.437    
8.860    ;2.052    ;-1.791   ;80.000   ;18.458    
8.870    ;2.054    ;-1.796   ;80.000   ;18.479    
8.880    ;2.057    ;-1.800   ;80.000   ;18.500    
8.890    ;2.059    ;-1.805   ;80.000   ;18.521    
8.900    ;2.062    ;-1.809   ;80.000   ;18.542    
8.910    ;2.065    ;-1.814   ;80.000   ;18.562    
8.920    ;2.067    ;-1.819   ;80.000   ;18.583    
8.930    ;2.070    ;-1.823   ;80.000   ;18.604    
8.940    ;2.072    ;-1.828   ;80.000   ;18.625    
8.950    ;2.075    ;-1.833   ;80.000   ;18.646    
8.960    ;2.077    ;-1.838   ;80.000   ;18.667    
8.970    ;2.080    ;-1.842   ;80.000   ;18.688    
8.980    ;2.082    ;-1.847   ;80.000   ;18.708    
8.990    ;2.085    ;-1.852   ;80.000   ;18.729    
9.000    ;2.088    ;-1.857   ;80.000   ;18.750    
9.010    ;2.090    ;-1.861   ;80.000   ;18.771    
9.020    ;2.093    ;-1.866   ;80.000   ;18.792    
9.030    ;2.095    ;-1.871   ;80.000   ;18.812    
9.040    ;2.098    ;-1.876   ;80.000   ;18.833    
9.050    ;2.100    ;-1.881   ;80.000   ;18.854    
9.060    ;2.103    ;-1.885   ;80.000   ;18.875    
9.070    ;2.105    ;-1.890   ;80.000   ;18.896    
9.080    ;2.108    ;-1.895   ;80.000   ;18.917    
9.090    ;2.110    ;-1.900   ;80.000   ;18.938    
9.100    ;2.113    ;-1.905   ;80.000   ;18.958    
9.110    ;2.116    ;-1.910   ;80.000   ;18.979    
9.120    ;2.118    ;-1.915   ;80.000   ;19.000    
9.130    ;2.121    ;-1.920   ;80.000   ;19.021    
9.140    ;2.123    ;-1.925   ;80.000   ;19.042    
9.150    ;2.126    ;-1.930   ;80.000   ;19.062    
9.160    ;2.128    ;-1.935   ;80.000   ;19.083    
9.170    ;2.131    ;-1.940   ;80.000   ;19.104    
9.180    ;2.133    ;-1.945   ;80.000   ;19.125    
9.190    ;2.136    ;-1.950   ;80.000   ;19.146    
9.200    ;2.138    ;-1.955   ;80.000   ;19.167    
9.210    ;2.141    ;-1.960   ;80.000   ;19.188    
9.220    ;2.143    ;-1.965   ;80.000   ;19.208    
9.230    ;2.146    ;-1.970   ;80.000   ;19.229    
9.240    ;2.148    ;-1.975   ;80.000   ;19.250    
9.250    ;2.151    ;-1.980   ;80.000   ;19.271    
9.260    ;2.153    ;-1.985   ;80.000   ;19.292    
9.270    ;2.156    ;-1.990   ;80.000   ;19.312    
9.280    ;2.158    ;-1.996   ;80.000   ;19.333    
9.290    ;2.161    ;-2.001   ;80.000   ;19.354    
9.300    ;2.163    ;-2.006   ;80.000   ;19.375    
9.310    ;2.166    ;-2.011   ;80.000   ;19.396    
9.320    ;2.168    ;-2.016   ;80.000   ;19.417    
9.330    ;2.171    ;-2.022   ;80.000   ;19.438    
9.340    ;2.173    ;-2.027   ;80.000   ;19.458    
9.350    ;2.176    ;-2.032   ;80.000   ;19.479    
9.360    ;2.178    ;-2.037   ;80.000   ;19.500    
9.370    ;2.181    ;-2.043   ;80.000   ;19.521    
9.380    ;2.183    ;-2.048   ;80.000   ;19.542    
9.390    ;2.186    ;-2.053   ;80.000   ;19.562    
9.400    ;2.188    ;-2.059   ;80.000   ;19.583    
9.410    ;2.191    ;-2.064   ;80.000   ;19.604    
9.420    ;2.193    ;-2.070   ;80.000   ;19.625    
9.430    ;2.196    ;-2.075   ;80.000   ;19.646    
9.440    ;2.198    ;-2.080   ;80.000   ;19.667    
9.450    ;2.200    ;-2.086   ;80.000   ;19.687    
9.460    ;2.203    ;-2.091   ;80.000   ;19.708    
9.470    ;2.205    ;-2.097   ;80.000   ;19.729    
9.480    ;2.208    ;-2.102   ;80.000   ;19.750    
9.490    ;2.210    ;-2.108   ;80.000   ;19.771    
9.500    ;2.213    ;-2.113   ;80.000   ;19.792    
9.510    ;2.215    ;-2.119   ;80.000   ;19.813    
9.520    ;2.218    ;-2.124   ;80.000   ;19.833    
9.530    ;2.220    ;-2.130   ;80.000   ;19.854    
9.540    ;2.223    ;-2.135   ;80.000   ;19.875    
9.550    ;2.225    ;-2.141   ;80.000   ;19.896    
9.560    ;2.227    ;-2.146   ;80.000   ;19.917    
9.570    ;2.230    ;-2.152   ;80.000   ;19.937    
9.580    ;2.232    ;-2.158   ;80.000   ;19.958    
9.590    ;2.235    ;-2.163   ;80.000   ;19.979    
9.600    ;2.237    ;-2.169   ;80.000   ;20.000    
9.610    ;2.240    ;-2.175   ;80.000   ;20.021    
9.620    ;2.242    ;-2.180   ;80.000   ;20.042    
9.630    ;2.244    ;-2.186   ;80.000   ;20.063    
9.640    ;2.247    ;-2.192   ;80.000   ;20.083    
9.650    ;2.249    ;-2.198   ;80.000   ;20.104    
9.660    ;2.252    ;-2.203   ;80.000   ;20.125    
9.670    ;2.254    ;-2.209   ;80.000   ;20.146    
9.680    ;2.257    ;-2.215   ;80.000   ;20.167    
9.690    ;2.259    ;-2.221   ;80.000   ;20.187    
9.700    ;2.261    ;-2.227   ;80.000   ;20.208    
9.710    ;2.264    ;-2.233   ;80.000   ;20.229    
9.720    ;2.266    ;-2.238   ;80.000   ;20.250    
9.730    ;2.269    ;-2.244   ;80.000   ;20.271    
9.740    ;2.271    ;-2.250   ;80.000   ;20.292    
9.750    ;2.273    ;-2.256   ;80.000   ;20.313    
9.760    ;2.276    ;-2.262   ;80.000   ;20.333    
9.770    ;2.278    ;-2.268   ;80.000   ;20.354    
9.780    ;2.281    ;-2.274   ;80.000   ;20.375    
9.790    ;2.283    ;-2.280   ;80.000   ;20.396    
9.800    ;2.285    ;-2.286   ;80.000   ;20.417    
9.810    ;2.288    ;-2.292   ;80.000   ;20.437    
9.820    ;2.290    ;-2.298   ;80.000   ;20.458    
9.830    ;2.292    ;-2.304   ;80.000   ;20.479    
9.840    ;2.295    ;-2.310   ;80.000   ;20.500    
9.850    ;2.297    ;-2.317   ;80.000   ;20.521    
9.860    ;2.299    ;-2.323   ;80.000   ;20.542    
9.870    ;2.302    ;-2.329   ;80.000   ;20.562    
9.880    ;2.304    ;-2.335   ;80.000   ;20.583    
9.890    ;2.307    ;-2.341   ;80.000   ;20.604    
9.900    ;2.309    ;-2.347   ;80.000   ;20.625    
9.910    ;2.311    ;-2.354   ;80.000   ;20.646    
9.920    ;2.314    ;-2.360   ;80.000   ;20.667    
9.930    ;2.316    ;-2.366   ;80.000   ;20.687    
9.940    ;2.318    ;-2.373   ;80.000   ;20.708    
9.950    ;2.321    ;-2.379   ;80.000   ;20.729    
9.960    ;2.323    ;-2.385   ;80.000   ;20.750    
9.970    ;2.325    ;-2.392   ;80.000   ;20.771    
9.980    ;2.328    ;-2.398   ;80.000   ;20.792    
9.990    ;2.330    ;-2.404   ;80.000   ;20.812    
10.000   ;2.332    ;-2.411   ;80.000   ;20.833    
10.010   ;2.335    ;-2.417   ;80.000   ;20.854    
10.020   ;2.337    ;-2.424   ;80.000   ;20.875    
10.030   ;2.339    ;-2.430   ;80.000   ;20.896    
10.040   ;2.342    ;-2.437   ;80.000   ;20.917    
10.050   ;2.344    ;-2.443   ;80.000   ;20.938    
10.060   ;2.346    ;-2.450   ;80.000   ;20.958    
10.070   ;2.348    ;-2.456   ;80.000   ;20.979    
10.080   ;2.351    ;-2.463   ;80.000   ;21.000    
10.090   ;2.353    ;-2.469   ;80.000   ;21.021    
10.100   ;2.355    ;-2.476   ;80.000   ;21.042    
10.110   ;2.358    ;-2.483   ;80.000   ;21.062    
10.120   ;2.360    ;-2.489   ;80.000   ;21.083    
10.130   ;2.362    ;-2.496   ;80.000   ;21.104    
10.140   ;2.364    ;-2.503   ;80.000   ;21.125    
10.150   ;2.367    ;-2.509   ;80.000   ;21.146    
10.160   ;2.369    ;-2.516   ;80.000   ;21.167    
10.170   ;2.371    ;-2.523   ;80.000   ;21.188    
10.180   ;2.374    ;-2.530   ;80.000   ;21.208    
10.190   ;2.376    ;-2.536   ;80.000   ;21.229    
10.200   ;2.378    ;-2.543   ;80.000   ;21.250    
10.210   ;2.380    ;-2.550   ;80.000   ;21.271    
10.220   ;2.383    ;-2.557   ;80.000   ;21.292    
10.230   ;2.385    ;-2.564   ;80.000   ;21.312    
10.240   ;2.387    ;-2.571   ;80.000   ;21.333    
10.250   ;2.389    ;-2.578   ;80.000   ;21.354    
10.260   ;2.392    ;-2.585   ;80.000   ;21.375    
10.270   ;2.394    ;-2.592   ;80.000   ;21.396    
10.280   ;2.396    ;-2.599   ;80.000   ;21.417    
10.290   ;2.398    ;-2.606   ;80.000   ;21.438    
10.300   ;2.400    ;-2.613   ;80.000   ;21.458    
10.310   ;2.403    ;-2.620   ;80.000   ;21.479    
10.320   ;2.405    ;-2.627   ;80.000   ;21.500    
10.330   ;2.407    ;-2.634   ;80.000   ;21.521    
10.340   ;2.409    ;-2.641   ;80.000   ;21.542    
10.350   ;2.411    ;-2.648   ;80.000   ;21.562    
10.360   ;2.414    ;-2.656   ;80.000   ;21.583    
10.370   ;2.416    ;-2.663   ;80.000   ;21.604    
10.380   ;2.418    ;-2.670   ;80.000   ;21.625    
10.390   ;2.420    ;-2.677   ;80.000   ;21.646    
10.400   ;2.422    ;-2.685   ;80.000   ;21.667    
10.410   ;2.425    ;-2.692   ;80.000   ;21.687    
10.420   ;2.427    ;-2.699   ;80.000   ;21.708    
10.430   ;2.429    ;-2.707   ;80.000   ;21.729    
10.440   ;2.431    ;-2.714   ;80.000   ;21.750    
10.450   ;2.433    ;-2.721   ;80.000   ;21.771    
10.460   ;2.435    ;-2.729   ;80.000   ;21.792    
10.470   ;2.438    ;-2.736   ;80.000   ;21.812    
10.480   ;2.440    ;-2.744   ;80.000   ;21.833    
10.490   ;2.442    ;-2.751   ;80.000   ;21.854    
10.500   ;2.444    ;-2.759   ;80.000   ;21.875    
10.510   ;2.446    ;-2.766   ;80.000   ;21.896    
10.520   ;2.448    ;-2.774   ;80.000   ;21.917    
10.530   ;2.450    ;-2.781   ;80.000   ;21.937    
10.540   ;2.453    ;-2.789   ;80.000   ;21.958    
10.550   ;2.455    ;-2.797   ;80.000   ;21.979    
10.560   ;2.457    ;-2.804   ;80.000   ;22.000    
10.570   ;2.459    ;-2.812   ;80.000   ;22.021    
10.580   ;2.461    ;-2.820   ;80.000   ;22.042    
10.590   ;2.463    ;-2.828   ;80.000   ;22.063    
10.600   ;2.465    ;-2.835   ;80.000   ;22.083    
10.610   ;2.467    ;-2.843   ;80.000   ;22.104    
10.620   ;2.469    ;-2.851   ;80.000   ;22.125    
10.630   ;2.472    ;-2.859   ;80.000   ;22.146    
10.640   ;2.474    ;-2.867   ;80.000   ;22.167    
10.650   ;2.476    ;-2.875   ;80.000   ;22.187    
10.660   ;2.478    ;-2.882   ;80.000   ;22.208    
10.670   ;2.480    ;-2.890   ;80.000   ;22.229    
10.680   ;2.482    ;-2.898   ;80.000   ;22.250    
10.690   ;2.484    ;-2.906   ;80.000   ;22.271    
10.700   ;2.486    ;-2.914   ;80.000   ;22.292    
10.710   ;2.488    ;-2.922   ;80.000   ;22.313    
10.720   ;2.490    ;-2.931   ;80.000   ;22.333    
10.730   ;2.492    ;-2.939   ;80.000   ;22.354    
10.740   ;2.494    ;-2.947   ;80.000   ;22.375    
10.750   ;2.496    ;-2.955   ;80.000   ;22.396    
10.760   ;2.498    ;-2.963   ;80.000   ;22.417    
10.770   ;2.500    ;-2.971   ;80.000   ;22.437    
10.780   ;2.502    ;-2.980   ;80.000   ;22.458    
10.790   ;2.504    ;-2.988   ;80.000   ;22.479    
10.800   ;2.506    ;-2.996   ;80.000   ;22.500    
10.810   ;2.508    ;-3.004   ;80.000   ;22.521    
10.820   ;2.510    ;-3.013   ;80.000   ;22.542    
10.830   ;2.512    ;-3.021   ;80.000   ;22.562    
10.840   ;2.514    ;-3.030   ;80.000   ;22.583    
10.850   ;2.516    ;-3.038   ;80.000   ;22.604    
10.860   ;2.518    ;-3.046   ;80.000   ;22.625    
10.870   ;2.520    ;-3.055   ;80.000   ;22.646    
10.880   ;2.522    ;-3.063   ;80.000   ;22.667    
10.890   ;2.524    ;-3.072   ;80.000   ;22.687    
10.900   ;2.526    ;-3.081   ;80.000   ;22.708    
10.910   ;2.528    ;-3.089   ;80.000   ;22.729    
10.920   ;2.530    ;-3.098   ;80.000   ;22.750    
10.930   ;2.532    ;-3.106   ;80.000   ;22.771    
10.940   ;2.534    ;-3.115   ;80.000   ;22.792    
10.950   ;2.536    ;-3.124   ;80.000   ;22.812    
10.960   ;2.538    ;-3.132   ;80.000   ;22.833    
10.970   ;2.540    ;-3.141   ;80.000   ;22.854    
10.980   ;2.542    ;-3.150   ;80.000   ;22.875    
10.990   ;2.543    ;-3.159   ;80.000   ;22.896    
11.000   ;2.545    ;-3.168   ;80.000   ;22.917    
11.010   ;2.547    ;-3.177   ;80.000   ;22.938    
11.020   ;2.549    ;-3.185   ;80.000   ;22.958    
11.030   ;2.551    ;-3.194   ;80.000   ;22.979    
11.040   ;2.553    ;-3.203   ;80.000   ;23.000    
11.050   ;2.555    ;-3.212   ;80.000   ;23.021    
11.060   ;2.557    ;-3.221   ;80.000   ;23.042    
11.070   ;2.558    ;-3.230   ;80.000   ;23.062    
11.080   ;2.560    ;-3.239   ;80.000   ;23.083    
11.090   ;2.562    ;-3.248   ;80.000   ;23.104    
11.100   ;2.564    ;-3.258   ;80.000   ;23.125    
11.110   ;2.566    ;-3.267   ;80.000   ;23.146    
11.120   ;2.568    ;-3.276   ;80.000   ;23.167    
11.130   ;2.569    ;-3.285   ;80.000   ;23.188    
11.140   ;2.571    ;-3.294   ;80.000   ;23.208    
11.150   ;2.573    ;-3.303   ;80.000   ;23.229    
11.160   ;2.575    ;-3.313   ;80.000   ;23.250    
11.170   ;2.577    ;-3.322   ;80.000   ;23.271    
11.180   ;2.578    ;-3.331   ;80.000   ;23.292    
11.190   ;2.580    ;-3.341   ;80.000   ;23.312    
11.200   ;2.582    ;-3.350   ;80.000   ;23.333    
11.210   ;2.584    ;-3.359   ;80.000   ;23.354    
11.220   ;2.585    ;-3.369   ;80.000   ;23.375    
11.230   ;2.587    ;-3.378   ;80.000   ;23.396    
11.240   ;2.589    ;-3.388   ;80.000   ;23.417    
11.250   ;2.591    ;-3.397   ;80.000   ;23.438    
11.260   ;2.592    ;-3.407   ;80.000   ;23.458    
11.270   ;2.594    ;-3.416   ;80.000   ;23.479    
11.280   ;2.596    ;-3.426   ;80.000   ;23.500    
11.290   ;2.597    ;-3.436   ;80.000   ;23.521    
11.300   ;2.599    ;-3.445   ;80.000   ;23.542    
11.310   ;2.601    ;-3.455   ;80.000   ;23.562    
11.320   ;2.603    ;-3.465   ;80.000   ;23.583    
11.330   ;2.604    ;-3.474   ;80.000   ;23.604    
11.340   ;2.606    ;-3.484   ;80.000   ;23.625    
11.350   ;2.608    ;-3.494   ;80.000   ;23.646    
11.360   ;2.609    ;-3.504   ;80.000   ;23.667    
11.370   ;2.611    ;-3.513   ;80.000   ;23.687    
11.380   ;2.612    ;-3.523   ;80.000   ;23.708    
11.390   ;2.614    ;-3.533   ;80.000   ;23.729    
11.400   ;2.616    ;-3.543   ;80.000   ;23.750    
11.410   ;2.617    ;-3.553   ;80.000   ;23.771    
11.420   ;2.619    ;-3.563   ;80.000   ;23.792    
11.430   ;2.621    ;-3.573   ;80.000   ;23.812    
11.440   ;2.622    ;-3.583   ;80.000   ;23.833    
11.450   ;2.624    ;-3.593   ;80.000   ;23.854    
11.460   ;2.625    ;-3.603   ;80.000   ;23.875    
11.470   ;2.627    ;-3.613   ;80.000   ;23.896    
11.480   ;2.628    ;-3.623   ;80.000   ;23.917    
11.490   ;2.630    ;-3.633   ;80.000   ;23.937    
11.500   ;2.631    ;-3.643   ;80.000   ;23.958    
11.510   ;2.633    ;-3.653   ;80.000   ;23.979    
11.520   ;2.634    ;-3.663   ;80.000   ;24.000    
11.530   ;2.636    ;-3.673   ;80.000   ;24.021    
11.540   ;2.637    ;-3.684   ;80.000   ;24.042    
11.550   ;2.639    ;-3.694   ;80.000   ;24.063    
11.560   ;2.640    ;-3.704   ;80.000   ;24.083    
11.570   ;2.642    ;-3.714   ;80.000   ;24.104    
11.580   ;2.643    ;-3.725   ;80.000   ;24.125    
11.590   ;2.645    ;-3.735   ;80.000   ;24.146    
11.600   ;2.646    ;-3.745   ;80.000   ;24.167    
11.610   ;2.648    ;-3.755   ;80.000   ;24.187    
11.620   ;2.649    ;-3.766   ;80.000   ;24.208    
11.630   ;2.651    ;-3.776   ;80.000   ;24.229    
11.640   ;2.652    ;-3.786   ;80.000   ;24.250    
11.650   ;2.653    ;-3.797   ;80.000   ;24.271    
11.660   ;2.655    ;-3.807   ;80.000   ;24.292    
11.670   ;2.656    ;-3.817   ;80.000   ;24.313    
11.680   ;2.657    ;-3.828   ;80.000   ;24.333    
11.690   ;2.659    ;-3.838   ;80.000   ;24.354    
11.700   ;2.660    ;-3.849   ;80.000   ;24.375    
11.710   ;2.662    ;-3.859   ;80.000   ;24.396    
11.720   ;2.663    ;-3.870   ;80.000   ;24.417    
11.730   ;2.664    ;-3.880   ;80.000   ;24.437    
11.740   ;2.665    ;-3.890   ;80.000   ;24.458    
11.750   ;2.667    ;-3.901   ;80.000   ;24.479    
11.760   ;2.668    ;-3.911   ;80.000   ;24.500    
11.770   ;2.669    ;-3.922   ;80.000   ;24.521    
11.780   ;2.671    ;-3.932   ;80.000   ;24.542    
11.790   ;2.672    ;-3.943   ;80.000   ;24.562    
11.800   ;2.673    ;-3.953   ;80.000   ;24.583    
11.810   ;2.674    ;-3.964   ;80.000   ;24.604    
11.820   ;2.676    ;-3.974   ;80.000   ;24.625    
11.830   ;2.677    ;-3.985   ;80.000   ;24.646    
11.840   ;2.678    ;-3.995   ;80.000   ;24.667    
11.850   ;2.679    ;-4.006   ;80.000   ;24.687    
11.860   ;2.680    ;-4.016   ;80.000   ;24.708    
11.870   ;2.681    ;-4.026   ;80.000   ;24.729    
11.880   ;2.683    ;-4.037   ;80.000   ;24.750    
11.890   ;2.684    ;-4.047   ;80.000   ;24.771    
11.900   ;2.685    ;-4.058   ;80.000   ;24.792    
11.910   ;2.686    ;-4.068   ;80.000   ;24.812    
11.920   ;2.687    ;-4.079   ;80.000   ;24.833    
11.930   ;2.688    ;-4.089   ;80.000   ;24.854    
11.940   ;2.689    ;-4.099   ;80.000   ;24.875    
11.950   ;2.690    ;-4.110   ;80.000   ;24.896    
11.960   ;2.691    ;-4.120   ;80.000   ;24.917    
11.970   ;2.692    ;-4.131   ;80.000   ;24.937    
11.980   ;2.694    ;-4.141   ;80.000   ;24.958    
11.990   ;2.695    ;-4.151   ;80.000   ;24.979    
12.000   ;2.696    ;-4.161   ;80.000   ;25.000    
